0000000000000000000000000000000000000001
0000000000000000000000001110100000000001
1111111111110010000000000010000000000001
0000000000001000000000001110001000000001
0000000000101001000111110010000000000001
0000000000011001000010000010001000000001
0000000000000010000000101010000000000001
1111111111100001000110000010001000000001
0000000000000010000000011010000000000001
0000000000100000000000001110101000000001
0000000000110000000000001111001000000001
0000000000100000000000001100000000000001
0000000000000000000000000000000000000001
1111111111110000000000010010000100000001
0000000000000000000000001010000100000001
1111111111100001000010000010001001000001
0000000000111000000000001110001000000001
0000000000110000000000001100000000000001
0000000000111111111111110010000000000001
1111111111100001000010000010001000000001
0000000001000000000000001110001000000001
0000000001000010000000110010000000000001
0000000000010000000000001110001000000001
1111111111110010000001000010000000000001
0000000001010000000000001110001000000001
1111111111110010000001010010000000000001
0000000001011000000000001110001000000001
1111111111110010000001100010000000000001
0000000001100000000000001110001000000001
1111111111110010000001110010000000000001
0000000001101000000000001110001000000001
1111111111110010000010000010000000000001
0000000001110000000000001110001000000001
1111111111110010000010010010000000000001
0000000001111000000000001110001000000001
1111111111110010000010100010000000000001
0000000010000000000000001110001000000001
1111111111110010000010110010000000000001
0000000010001000000000001110001000000001
1111111111110110000010110010000000000001
0000000100001000000000001110001000000001
1111111111110110000000000010000000000001
0000000010010000000000001110001000000001
1111111111110010000011000010000000000001
0000000010011000000000001110001000000001
1111111111110110000000010010000000000001
0000000010100000000000001110001000000001
1111111111110110000010100010000000000001
0000000010101000000000001110001000000001
1111111111110110000100010010000000000001
0000000010110000000000001110001000000001
0000000011010001000111110010000000000001
0000000011000001000010000010001000000001
0000000000000010000011101010000000000001
1111111111100001000110000010001000000001
0000000000000010000011011010000000000001
0000000011001000000000001110101000000001
0000000011011000000000001111001000000001
0000000011001000000000001100000000000001
0000000000000000000000000000000000000001
0000000000000000000000011010000100000001
1111111111100001000010000010000000000001
0000000000000000000000001010000100000001
1111111111100001000010000010001001000001
0000000011100000000000001110001000000001
0000000011011000000000001100000000000001
0000000011100111111111110010000000000001
1111111111100001000010000010001000001001
1111111111110001000010000010000000000001
1111111111110001000010000010000001100111
0000000001000000000000001110001000000001
0000000001000010000011110010000000000001
0000000010111000000000001110001000000001
0000000001011001000010000010000000001001
0000000011110001000010000010000000000001
1111111111111001000010000010001000100110
0000000011111000000000001110001000000001
0000000011111001000010000010000000000001
0000000001100001000010000100000000001001
1111111111110001000010000010000000000001
1111111111101001000010000010000000100011
0000000011101000000000001110001000000001
0000000001011001000010000010000000001001
1111111111101001000010000010000000000001
0000000011101000000000001110001000100111
0000000000000000000000000000000000000001
0000000011111000000000001110001000100111
0000000000000000000000000000000000000001
0000000001010001000010000010000000000001
1111111101110000000000000000001000000001
0000000100001001000010000010000000000001
0000000100000001000010000100000000001001
1111111111101001000010000010000000000001
1111111111110001000111110010000000100011
1111111111101001000010000010001000001001
0000000010010001000010000100000000000001
1111111111110001000111110100010000000001
0000000010010001000010000100000000100110
1111111111110010000100000010000000001001
0000000000000000000000000000000000000001
1111111111101001000010000100000000100011
0000000100010000000000001110010000000001
0000000000000000000000000000000000000001
0000000100011000000000001110010000000001
0000000100111001000010000010000000000001
0000000000000000000000000000000000000001
0000000101001000000000001111000000000001
0000000010101001000010000010000000001001
1111111111110001000010000010000000000001
1111111111101001000010000010000000100110
0000000101000000000000001110001000000001
1111111111101001000010000100000000000001
0000000101011000000000001110010000100101
0000000000000000000000000000000000000001
0000000101101000000000001110010000000001
0000000101010001000010000100000000100111
1111111111110001000111110100010000100111
0000000101011000000000001110010000100111
0000000101001001000010000011000001001001
1111111111101001000010000010000000000001
1111111111110001000010000010000000100101
0000000101110000000000001110001000000001
0000000101011001000010000100000000000001
1111111111110010000100010010000000001001
1111111111110001000111110010000000000001
0000000101100001000010000010001000000001
0000000101101000000000001110001000100011
0000000000000000000000000000000000000001
0000000101101001000010000010000000000001
1111111111110001000111110100000000001001
1111111111110001000010000010000000000001
1111111111101001000010000010000000100100
0000000111010000000000001110001000000001
0000000101110000000000001100000000000001
0000000000000111111111111010000000000001
0000000110111000000000001110110000000001
0000000101101001000010000100000000000001
1111111111110010000100100010000000001001
1111111111101001000010000010000000000001
0000000101101000000000001110001000100011
0000000101111001000010000010000000000001
0000000000000000000000000000000000000001
0000000110001000000000001111000000000001
0000000010110001000010000010000000001001
1111111111110001000010000010000000000001
1111111111101001000010000010000000100110
0000000110000000000000001110001000000001
1111111111101001000010000100000000000001
0000000110011000000000001110010000100101
0000000000000000000000000000000000000001
0000000110101000000000001110010000000001
0000000110010001000010000100000000100111
1111111111110001000111110100010000100111
0000000110011000000000001110010000100111
0000000110001001000010000011000001001001
1111111111101001000010000010000000000001
1111111111110001000010000010000000100101
0000000110110000000000001110001000000001
0000000110011001000010000100000000000001
1111111111110010000100010010000000001001
1111111111110001000111110010000000000001
0000000110100001000010000010001000000001
0000000110101000000000001110001000100011
0000000000000000000000000000000000000001
0000000110101001000010000010000000000001
1111111111110001000111110100000000001001
1111111111110001000010000010000000000001
1111111111101001000010000010000000100100
0000000111010000000000001110001000000001
0000000110110000000000001100000000000001
0000000000000111111111111010000000000001
0000000111000000000000001110110000000001
0000000110101001000010000100000000000001
1111111111110010000100100010000000001001
1111111111101001000010000010000000000001
0000000110101000000000001110001000100011
0000000110111001000010000010000000000001
0000000111000001000010000010001001000001
0000000111101000000000001110001000000001
0000000000000000000000000000000000000001
0000000111100000000000001111000000000001
0000000111011001000010000011000001001001
0000000010100001000010000010000000000001
0000000111101001000111110010001000100101
0000000111110000000000001110001000000001
0000000111110001000010000010000000001001
1111111111101001000010000010000000100111
1111111111110010000101000100000000001001
1111111111110010000101000010000000100010
0000000111110000000000001110001000000001
0000000000000000000000000000000000000001
0000000100100000000000001110001000000001
0000000111110000000000001100000000000001
0000000000000000000000000000000000000001
1111111111110010000101010010000100000001
0000000111001000000000001110001000000001
0000000111001001000010000010000000000001
0000000111111001000010000010001001000001
0000001000011000000000001110001000000001
0000001000001001000010000010000000000001
0000000111111001000010000011010000000001
0000001000011010000100110010001000000001
0000001000000000000000001110001000000001
0000001000000000000000001100000000000001
0000001000010000000000001111001000000001
0000000000010111111111110010000000000001
0000000100101000000000001110001000000001
0000000010111111111111110010000000000001
0000000100110000000000001110001000000001
0000000000000010010100100010000000000001
0000001000101000000000001110001000000001
0000000000000000000000000000000000000001
0000001000110010010100110010000000000001
0000001010001010010100110011010000000001
0000001000100001000010000010001001000001
0000001000101001000010000010001000000001
0000001010010000000000001110001000000001
0000000000000000000000000000000000000001
0000001000111000000000001111001000000001
0000000000000000000000000000000000000001
0000000011101001000010000010000000000001
0000001001001000000000001110001000000001
0000000100110001000010000010000000000001
1111111110000000000000000000001000000001
0000000100011001000010000010000000000001
1111111010000000000000000000001000000001
0000000100100001000010000010000000000001
1111111010001000000000000000001000000001
0000000100101001000010000010000000000001
1111111101111000000000000000001000000001
0000000100010000000000001100000000000001
0000000000000111111111111010000000000001
1111111111101001000010000010000000000001
0000001001101000000000001110001000000001
1111111111101001000010000010000000000001
0000001001110000000000001110001000000001
1111111111101001000010000010000000000001
0000001001111000000000001110001000000001
0000000010011001000010000010000000000001
0000001001101000000000001110001010000001
0000000000000000000000000000000000000001
0000001001101001000010000010000000000001
0000001001010000000000001110001000000001
0000001001110001000010000010000000000001
0000001001011000000000001110001000000001
0000001001111001000010000010000000000001
0000001001100000000000001110001000000001
0000001010111010010101110010000000000001
0000001010110010010110000010001000000001
0000001010100010010101110011010000000001
0000001010011010010110000010001000000001
0000001010010010010101000010001000000001
0000001010001010010101010010001000000001
0000001010000010010101100010001000000001
0000000000000000000000000000000000000001
0000001010101000000000001110001000000001
0000001011000000000000001111001000000001
0000001010010001000010000010000000000001
0000001011001000000000001110001000000001
0000001011001000000000001100000000000001
0000001010010111111111110010000000000001
0000001100001000000000001110001000000001
0000001001011001000010000010000000000001
1111111100010000000000000000001000000001
0000001001100001000010000010000000000001
1111111011001000000000000000001000000001
0000001001010001000010000010000000000001
1111111100011000000000000000001000000001
0000001011110010010111000010000000000001
0000001011101010010111010010001000000001
0000001011011010010111000011010000000001
0000001011010010010111010010001000000001
0000001010101010010110010010001000000001
0000001010100010010110100010001000000001
0000001010011010010110110010001000000001
0000000000000000000000000000000000000001
0000001011100000000000001110001000000001
0000001011111000000000001111001000000001
0000001100100010011000000010000000000001
0000001100010010011000000011010000000001
0000001100001010010111100010001000000001
0000001100000010010111110010001000000001
0000000000000000000000000000000000000001
0000001100011000000000001110001000000001
0000001100101000000000001111001000000001
0000001100011001000011000010000000000001
1111111111110001000011000100000000001001
1111111111110001000001100110000000000001
0000001100011001000010000010000000100011
1111111111110001000010000110000000100011
0000000000000000000000000000000000000001
1111111111101001000010000011000000000001
0000001101000000000000001110011000000001
1111111111110001000010010110000000000001
0000001100111000000000001110011000000001
1111111111110001000010100100000000001001
1111111111110001000010100110011000000001
1111111111110001000010010110011001100011
0000001100111001000010010100010000000001
0000001100111001000010000100010001100011
1111111111110001000011000100010000001001
0000001100111000000000001110011000000001
1111111111110001000010110110011000000001
1111111111110001000010100110011001100011
0000001100111001000010100100010000000001
0000001100111001000010010100010001100011
1111111111110001000011100100010000001001
0000001100111000000000001110011000000001
1111111111110001000011000110011000000001
1111111111110001000010110110011001100011
0000001100111001000010110100010000000001
0000001100111001000010100100010001100011
1111111111110001000100000100010000001001
0000001100111000000000001110011000000001
1111111111110001000011010110011000000001
1111111111110001000011000110011001100011
0000001100111001000011000100010000000001
0000001100111001000010110100010001100011
1111111111110001000100100100010000001001
0000001100111000000000001110011000000001
1111111111110001000011100110011000000001
1111111111110001000011010110011001100011
0000001100111001000011010100010000000001
0000001100111001000011000100010001100011
1111111111110001000101000100010000001001
0000001100111000000000001110011000000001
1111111111110001000011110110011000000001
1111111111110001000011100110011001100011
0000001100111001000011100100010000000001
0000001100111001000011010100010001100011
1111111111110001000101100100010000001001
0000001100111000000000001110011000000001
1111111111110001000100000110011000000001
1111111111110001000011110110011001100011
0000001100111001000011110100010000000001
0000001100111001000011100100010001100011
1111111111110001000110000100010000001001
0000001100111000000000001110011000000001
1111111111110001000100010110011000000001
1111111111110001000100000110011001100011
0000001100111001000100000100010000000001
0000001100111001000011110100010001100011
1111111111110001000110100100010000001001
0000001100111000000000001110011000000001
1111111111110001000100100110011000000001
1111111111110001000100010110011001100011
0000001100111001000100010100010000000001
0000001100111001000100000100010001100011
1111111111110001000111000100010000001001
0000001100111000000000001110011000000001
1111111111110001000100110110011000000001
1111111111110001000100100110011001100011
0000001100111001000100100100010000000001
0000001100111001000100010100010001100011
1111111111110001000111100100010000001001
0000001100111000000000001110011000000001
1111111111110001000101000110011000000001
1111111111110001000100110110011001100011
0000001100111001000100110100010000000001
0000001100111001000100100100010001100011
1111111111111001000010010100010000001001
1111111111110001000101010110011000000001
1111111111110001000101000110011001100011
0000001100111000000000001110011000000001
0000001100111000000000001100000000000001
0000001101000111111111110110000000000001
0000001100110000000000001110011000000001
0000001011100001000010000010000000000001
0000001011001000000000001110001000000001
0000001011001000000000001100000000000001
0000001011100111111111110010000000000001
0000001110001000000000001110001000000001
1111111111110001000010000010000000000001
0000001100110001000010000100000000001001
0000001100110001000010000100000000000001
0000001100110001000011000100000000100011
0000001101111000000000001110010000000001
1111111111101001000010000100000000000001
1111111111110001000001100100000000100011
0000001101110000000000001110010000000001
1111111111110001000010000100000000000001
0000001101111001000010000010000000001001
0000001101010000000000001110001000000001
0000001101010001000001110010000000100011
1111111111101001000010000010001000001001
0000001101010000000000001110001000000001
0000001101010001000001110010000000100011
1111111111101001000010000010001000001001
0000001101010000000000001110001000000001
0000001101010001000001110010000000100011
1111111111101001000010000010001000001001
0000001101010000000000001110001000000001
0000001101010001000001110010000000100011
1111111111101001000010000010001000001001
0000001101010000000000001110001000000001
0000001101010001000001110010000000100011
1111111111101001000010000010001000001001
0000001101010000000000001110001000000001
0000001101010001000001110010000000100011
1111111111101001000010000010001000001001
0000001101010000000000001110001000000001
0000001101010001000001110010000000100011
1111111111101001000010000010001000001001
0000001101010000000000001110001000000001
0000001101010001000001110010000000100011
1111111111101001000010000010001000001001
0000001101010000000000001110001000000001
0000001101010001000001110010000000100011
1111111111101001000010000010001000001001
0000001101010000000000001110001000000001
0000001101010001000001110010000000100011
1111111111101001000010000010001000001001
0000001101010000000000001110001000000001
0000001101010001000001110010000000100011
1111111111101001000010000010001000001001
0000001101010000000000001110001000000001
0000001101010001000001110010000000100011
1111111111101001000010000010001000001001
0000001101010000000000001110001000000001
0000001101010001000001110010000000100011
1111111111101001000010000010001000001001
0000001101010000000000001110001000000001
0000001101010001000001110010000000100011
1111111111101001000010000010001000001001
0000001101010000000000001110001000000001
0000001101010001000001110010000000100011
1111111111101001000010000010001000001001
0000001101010000000000001110001000000001
0000001101010001000001110010000000100011
1111111111101001000010000010001000001001
0000001101100000000000001110001000000001
1111111111110001000010010010000000000001
0000001101011000000000001110001000000001
0000001101111001000010001000000000000001
0000000000000000000000000000000000000001
0000001101010000000000001111011000000001
0000001101010001000001000010000000000001
1111111111110010011000010010001001000001
0000001101010000000000001110001000000001
0000001101010001000001110010000000000001
0000000000000010011000101010000000000001
0000001101010000000000001110101000000001
0000001101010001000010000010001001000001
0000001101101000000000001110001000000001
1111111111110001000001110010000000000001
0000001101100001000010000010001001001001
0000001101100001000010010100000000000001
0000001101100000000000001110010000100111
0000000000000000000000000000000000000001
1111111111110001000001110010000000000001
0000001101100000000000001100000000000001
0000001101100111111111110100000000001001
0000001101100000000000001110010000000001
0000001101100001000010010100000000100011
0000001101100000000000001110010000100011
0000001101101001000010000100000000100011
0000001101011001000010000100010000100011
0000001101101000000000001110010000100011
0000001101011001000010010100000000000001
0000001101011000000000001110010000000001
0000001101100000000000001100000000000001
0000001101100111111111110100000000001001
0000001101100000000000001110010000000001
0000001101100001000010010100000000100011
0000001101100000000000001110010000100011
0000001101101001000010000100000000100011
0000001101011001000010000100010000100011
0000001101101000000000001110010000100011
0000001101011001000010010100000000000001
0000001101011000000000001110010000000001
0000001101100000000000001100000000000001
0000001101100111111111110100000000001001
0000001101100000000000001110010000000001
0000001101100001000010010100000000100011
0000001101100000000000001110010000100011
0000001101101001000010000100000000100011
0000001101011001000010000100010000100011
0000001101101000000000001110010000100011
0000001101011001000010010100000000000001
0000001101011000000000001110010000000001
0000001101100000000000001100000000000001
0000001101100111111111110100000000001001
0000001101100000000000001110010000000001
0000001101100001000010010100000000100011
0000001101100000000000001110010000100011
0000001101101001000010000100000000100011
0000001101011001000010000100010000100011
0000001101101000000000001110010000100011
0000001101011001000010010100000000000001
0000001101011000000000001110010000000001
0000001101100000000000001100000000000001
0000001101100111111111110100000000001001
0000001101100000000000001110010000000001
0000001101100001000010010100000000100011
0000001101100000000000001110010000100011
0000001101101001000010000100000000100011
0000001101011001000010000100010000100011
0000001101101000000000001110010000100011
0000001101011001000010010100000000000001
0000001101011000000000001110010000000001
0000001101100000000000001100000000000001
0000001101100111111111110100000000001001
0000001101100000000000001110010000000001
0000001101100001000010010100000000100011
0000001101100000000000001110010000100011
0000001101101001000010000100000000100011
0000001101011001000010000100010000100011
0000001101101000000000001110010000100011
0000001101011001000010010100000000000001
0000001101011000000000001110010000000001
0000001101100000000000001100000000000001
0000001101100111111111110100000000001001
0000001101100000000000001110010000000001
0000001101100001000010010100000000100011
0000001101100000000000001110010000100011
0000001101101001000010000100000000100011
0000001101011001000010000100010000100011
0000001101101000000000001110010000100011
0000001101011001000010010100000000000001
0000001101011000000000001110010000000001
0000001101100000000000001100000000000001
0000001101100111111111110100000000001001
0000001101100000000000001110010000000001
0000001101100001000010010100000000100011
0000001101100000000000001110010000100011
0000001101101001000010000100000000100011
0000001101011001000010000100010000100011
0000001101101000000000001110010000100011
0000001101011001000010010100000000000001
0000001101011000000000001110010000000001
0000001101100000000000001100000000000001
0000001101100111111111110100000000001001
0000001101100000000000001110010000000001
0000001101100001000010010100000000100011
0000001101100000000000001110010000100011
0000001101101001000010000100000000100011
0000001101011001000010000100010000100011
0000001101101000000000001110010000100011
0000001101011001000010010100000000000001
0000001101011000000000001110010000000001
0000001101100000000000001100000000000001
0000001101100111111111110100000000001001
0000001101100000000000001110010000000001
0000001101100001000010010100000000100011
0000001101100000000000001110010000100011
0000001101101001000010000100000000100011
0000001101011001000010000100010000100011
0000001101101000000000001110010000100011
0000001101011001000010010100000000000001
0000001101011000000000001110010000000001
0000001101101001000010000100000000000001
0000001101110001000010000010010000000001
0000001101001000000000001110001000000001
0000001110100010011001010010000000000001
0000001110010010011001010011010000000001
0000001110001010011000110010001000000001
0000001110000010011001000010001000000001
0000000000000000000000000000000000000001
0000001110011000000000001110001000000001
0000001110101000000000001111001000000001
0000001110011001000011000010000000000001
1111111111110001000011000100000000001001
1111111111110001000001100110000000000001
0000001110011001000010000010000000100011
1111111111110001000010000110000000100011
0000000000000000000000000000000000000001
1111111111101001000010000011000000000001
0000001110111000000000001110011000000001
1111111111110001000010010110000000000001
0000001100111000000000001110011000000001
1111111111110001000010100100000000001001
1111111111110001000010100110011000000001
1111111111110001000010010110011001100011
0000001100111001000010010100010000000001
0000001100111001000010000100010001100011
1111111111110001000011000100010000001001
0000001100111000000000001110011000000001
1111111111110001000010110110011000000001
1111111111110001000010100110011001100011
0000001100111001000010100100010000000001
0000001100111001000010010100010001100011
1111111111110001000011100100010000001001
0000001100111000000000001110011000000001
1111111111110001000011000110011000000001
1111111111110001000010110110011001100011
0000001100111001000010110100010000000001
0000001100111001000010100100010001100011
1111111111110001000100000100010000001001
0000001100111000000000001110011000000001
1111111111110001000011010110011000000001
1111111111110001000011000110011001100011
0000001100111001000011000100010000000001
0000001100111001000010110100010001100011
1111111111110001000100100100010000001001
0000001100111000000000001110011000000001
1111111111110001000011100110011000000001
1111111111110001000011010110011001100011
0000001100111001000011010100010000000001
0000001100111001000011000100010001100011
1111111111110001000101000100010000001001
0000001100111000000000001110011000000001
1111111111110001000011110110011000000001
1111111111110001000011100110011001100011
0000001100111001000011100100010000000001
0000001100111001000011010100010001100011
1111111111110001000101100100010000001001
0000001100111000000000001110011000000001
1111111111110001000100000110011000000001
1111111111110001000011110110011001100011
0000001100111001000011110100010000000001
0000001100111001000011100100010001100011
1111111111110001000110000100010000001001
0000001100111000000000001110011000000001
1111111111110001000100010110011000000001
1111111111110001000100000110011001100011
0000001100111001000100000100010000000001
0000001100111001000011110100010001100011
1111111111110001000110100100010000001001
0000001100111000000000001110011000000001
1111111111110001000100100110011000000001
1111111111110001000100010110011001100011
0000001100111001000100010100010000000001
0000001100111001000100000100010001100011
1111111111110001000111000100010000001001
0000001100111000000000001110011000000001
1111111111110001000100110110011000000001
1111111111110001000100100110011001100011
0000001100111001000100100100010000000001
0000001100111001000100010100010001100011
1111111111110001000111100100010000001001
0000001100111000000000001110011000000001
1111111111110001000101000110011000000001
1111111111110001000100110110011001100011
0000001100111001000100110100010000000001
0000001100111001000100100100010001100011
1111111111111001000010010100010000001001
1111111111110001000101010110011000000001
1111111111110001000101000110011001100011
0000001100111000000000001110011000000001
0000001100111000000000001100000000000001
0000001110111111111111110110000000000001
0000001110110000000000001110011000000001
0000000000000000000000000000000000000001
0000001101001001000010000010000000000001
0000001111000000000000001110001000000001
0000001111000010011001100010000000000001
0000001111001000000000001110001000000001
0000000000000000000000000000000000000001
1111111111110001000010000010000000000001
0000001110110001000010000100000000001001
0000001110110001000010000100000000000001
0000001110110001000011000100000000100011
0000010000000000000000001110010000000001
1111111111101001000010000100000000000001
1111111111110001000001100100000000100011
0000001111111000000000001110010000000001
1111111111110001000010000100000000000001
0000010000000001000010000010000000001001
0000001111011000000000001110001000000001
0000001111011001000001110010000000100011
1111111111101001000010000010001000001001
0000001111011000000000001110001000000001
0000001111011001000001110010000000100011
1111111111101001000010000010001000001001
0000001111011000000000001110001000000001
0000001111011001000001110010000000100011
1111111111101001000010000010001000001001
0000001111011000000000001110001000000001
0000001111011001000001110010000000100011
1111111111101001000010000010001000001001
0000001111011000000000001110001000000001
0000001111011001000001110010000000100011
1111111111101001000010000010001000001001
0000001111011000000000001110001000000001
0000001111011001000001110010000000100011
1111111111101001000010000010001000001001
0000001111011000000000001110001000000001
0000001111011001000001110010000000100011
1111111111101001000010000010001000001001
0000001111011000000000001110001000000001
0000001111011001000001110010000000100011
1111111111101001000010000010001000001001
0000001111011000000000001110001000000001
0000001111011001000001110010000000100011
1111111111101001000010000010001000001001
0000001111011000000000001110001000000001
0000001111011001000001110010000000100011
1111111111101001000010000010001000001001
0000001111011000000000001110001000000001
0000001111011001000001110010000000100011
1111111111101001000010000010001000001001
0000001111011000000000001110001000000001
0000001111011001000001110010000000100011
1111111111101001000010000010001000001001
0000001111011000000000001110001000000001
0000001111011001000001110010000000100011
1111111111101001000010000010001000001001
0000001111011000000000001110001000000001
0000001111011001000001110010000000100011
1111111111101001000010000010001000001001
0000001111011000000000001110001000000001
0000001111011001000001110010000000100011
1111111111101001000010000010001000001001
0000001111011000000000001110001000000001
0000001111011001000001110010000000100011
1111111111101001000010000010001000001001
0000001111101000000000001110001000000001
1111111111110001000010010010000000000001
0000001111100000000000001110001000000001
0000010000000001000010001000000000000001
0000000000000000000000000000000000000001
0000001111011000000000001111011000000001
0000001111011001000001000010000000000001
1111111111110010011001110010001001000001
0000001111011000000000001110001000000001
0000001111011001000001110010000000000001
0000000000000010011010001010000000000001
0000001111011000000000001110101000000001
0000001111011001000010000010001001000001
0000001111110000000000001110001000000001
1111111111110001000001110010000000000001
0000001111101001000010000010001001001001
0000001111101001000010010100000000000001
0000001111101000000000001110010000100111
0000000000000000000000000000000000000001
1111111111110001000001110010000000000001
0000001111101000000000001100000000000001
0000001111101111111111110100000000001001
0000001111101000000000001110010000000001
0000001111101001000010010100000000100011
0000001111101000000000001110010000100011
0000001111110001000010000100000000100011
0000001111100001000010000100010000100011
0000001111110000000000001110010000100011
0000001111100001000010010100000000000001
0000001111100000000000001110010000000001
0000001111101000000000001100000000000001
0000001111101111111111110100000000001001
0000001111101000000000001110010000000001
0000001111101001000010010100000000100011
0000001111101000000000001110010000100011
0000001111110001000010000100000000100011
0000001111100001000010000100010000100011
0000001111110000000000001110010000100011
0000001111100001000010010100000000000001
0000001111100000000000001110010000000001
0000001111101000000000001100000000000001
0000001111101111111111110100000000001001
0000001111101000000000001110010000000001
0000001111101001000010010100000000100011
0000001111101000000000001110010000100011
0000001111110001000010000100000000100011
0000001111100001000010000100010000100011
0000001111110000000000001110010000100011
0000001111100001000010010100000000000001
0000001111100000000000001110010000000001
0000001111101000000000001100000000000001
0000001111101111111111110100000000001001
0000001111101000000000001110010000000001
0000001111101001000010010100000000100011
0000001111101000000000001110010000100011
0000001111110001000010000100000000100011
0000001111100001000010000100010000100011
0000001111110000000000001110010000100011
0000001111100001000010010100000000000001
0000001111100000000000001110010000000001
0000001111101000000000001100000000000001
0000001111101111111111110100000000001001
0000001111101000000000001110010000000001
0000001111101001000010010100000000100011
0000001111101000000000001110010000100011
0000001111110001000010000100000000100011
0000001111100001000010000100010000100011
0000001111110000000000001110010000100011
0000001111100001000010010100000000000001
0000001111100000000000001110010000000001
0000001111101000000000001100000000000001
0000001111101111111111110100000000001001
0000001111101000000000001110010000000001
0000001111101001000010010100000000100011
0000001111101000000000001110010000100011
0000001111110001000010000100000000100011
0000001111100001000010000100010000100011
0000001111110000000000001110010000100011
0000001111100001000010010100000000000001
0000001111100000000000001110010000000001
0000001111101000000000001100000000000001
0000001111101111111111110100000000001001
0000001111101000000000001110010000000001
0000001111101001000010010100000000100011
0000001111101000000000001110010000100011
0000001111110001000010000100000000100011
0000001111100001000010000100010000100011
0000001111110000000000001110010000100011
0000001111100001000010010100000000000001
0000001111100000000000001110010000000001
0000001111101000000000001100000000000001
0000001111101111111111110100000000001001
0000001111101000000000001110010000000001
0000001111101001000010010100000000100011
0000001111101000000000001110010000100011
0000001111110001000010000100000000100011
0000001111100001000010000100010000100011
0000001111110000000000001110010000100011
0000001111100001000010010100000000000001
0000001111100000000000001110010000000001
0000001111101000000000001100000000000001
0000001111101111111111110100000000001001
0000001111101000000000001110010000000001
0000001111101001000010010100000000100011
0000001111101000000000001110010000100011
0000001111110001000010000100000000100011
0000001111100001000010000100010000100011
0000001111110000000000001110010000100011
0000001111100001000010010100000000000001
0000001111100000000000001110010000000001
0000001111101000000000001100000000000001
0000001111101111111111110100000000001001
0000001111101000000000001110010000000001
0000001111101001000010010100000000100011
0000001111101000000000001110010000100011
0000001111110001000010000100000000100011
0000001111100001000010000100010000100011
0000001111110000000000001110010000100011
0000001111100001000010010100000000000001
0000001111100000000000001110010000000001
0000001111110001000010000100000000000001
0000001111111001000010000010010000000001
0000001111010000000000001110001000000001
0000001111001001000010000010000000000001
0000000001111001000010000010001000000001
0000000000000000000000000000000000000001
0000010000001000000000001110001000000001
0000001101001001000010000010000000000001
0000001111010001000010000010001001000001
0000010000010000000000001110001000000001
0000000000000000000000000000000000000001
0000001111010001000010000010000000000001
0000010000011000000000001110001000000001
0000010000001001000010000010000000000001
0000000010000001000010000010001000000001
0000000000000000000000000000000000000001
0000010000100000000000001110001000000001
0000000000000000000000000000000000000001
0000010000001001000010000010000000000001
0000010000101000000000001110001000000001
0000010000010010011010010010000000000001
0000010000110000000000001110001000000001
0000000000000000000000000000000000000001
0000010000100010011010100010000000000001
0000010000111000000000001110001000000001
0000000000000000000000000000000000000001
0000000000000000000000000000000000000001
0000010000110001000010000010000000000001
0000010001000000000000001110001000000001
0000000010001001000010000010000000000001
0000010001000001000010000010001001000001
0000010001001000000000001110001000000001
0000010001001010011010110010000000000001
0000010001010000000000001110001000000001
0000000000000000000000000000000000000001
0000010001010001000010000010000000000001
0000010001100000000000001110001000000001
0000010000111001000010000010000000000001
0000010001101000000000001110001000000001
0000010001000001000010000010000000000001
0000010001110000000000001110001000000001
0000000100010000000000001100000000000001
0000000000000111111111111010000000000001
0000000000000000000000000000000000000001
0000010001100001000010000010000010000001
0000010001011000000000001110001000000001
0000000000001001000010000010000000000001
0000010001011001000010000010001000000001
0000000000000000000000000000000000000001
0000010001111000000000001110001000000001
0000000001110001000010000100000000000001
0000001001001001000010000010000000001001
0000010001111001000010000010000000000001
0000000001101001000010000010000000100011
0000010010000000000000001110001000000001
0000000000000000000000000000000000000001
0000010010000001000010000010000000000001
1111111101101000000000000000001000000001
0000000000000000000000000000000000000001
0000000000000000000000000000000000000001
0000000000000000000000000000000000000001
0000000000000000000000000000000000000001
0000000000000000000000000000000000000001
0000000000000000000000000000000000000001
0000000000000000000000000000000000000001
0000000000000000000000000000000000000001
0000000000000000000000000000000000000001
0000000000000000000000000000000000000001
0000000000000000000000000000000000000001
0000000000000000000000000000000000000001
0000000000000000000000000000000000000001
0000000000000000000000000000000000000001
0000000000000000000000000000000000000001
0000000000000000000000000000000000000001
0000000000000000000000000000000000000001
0000000000000000000000000000000000000001
0000000000000000000000000000000000000001
0000000000000000000000000000000000000001
0000000000000000000000000000000000000001
0000000000000000000000000000000000000001
0000000000000000000000000000000000000001
0000000000000000000000000000000000000001
0000000000000000000000000000000000000001
0000000000000000000000000000000000000001
0000000000000000000000000000000000000001
0000000000000000000000000000000000000001
0000000000000000000000000000000000000001
0000000000000000000000000000000000000001
0000000000000000000000000000000000000001
0000000000000000000000000000000000000001
0000000000000000000000000000000000000001
0000000000000000000000000000000000000001
0000000000000000000000000000000000000001
0000000000000000000000000000000000000001
0000000000000000000000000000000000000001
0000000000000000000000000000000000000001
0000000000000000000000000000000000000001
0000000000000000000000000000000000000001
0000000000000000000000000000000000000001
0000000000000000000000000000000000000001
0000000000000000000000000000000000000001
0000000000000000000000000000000000000001
0000000000000000000000000000000000000001
0000000000000000000000000000000000000001
0000000000000000000000000000000000000001
0000000000000000000000000000000000000001
0000000000000000000000000000000000000001
0000000000000000000000000000000000000001
0000000000000000000000000000000000000001
0000000000000000000000000000000000000001
0000000000000000000000000000000000000001
0000000000000000000000000000000000000001
0000000000000000000000000000000000000001
0000000000000000000000000000000000000001
0000000000000000000000000000000000000001
0000000000000000000000000000000000000001
0000000000000000000000000000000000000001
0000000000000000000000000000000000000001
0000000000000000000000000000000000000001
0000000000000000000000000000000000000001
0000000000000000000000000000000000000001
0000000000000000000000000000000000000001
0000000000000000000000000000000000000001
0000000000000000000000000000000000000001
0000000000000000000000000000000000000001
0000000000000000000000000000000000000001
0000000000000000000000000000000000000001
0000000000000000000000000000000000000001
0000000000000000000000000000000000000001
0000000000000000000000000000000000000001
0000000000000000000000000000000000000001
0000000000000000000000000000000000000001
0000000000000000000000000000000000000001
0000000000000000000000000000000000000001
0000000000000000000000000000000000000001
0000000000000000000000000000000000000001
0000000000000000000000000000000000000001
0000000000000000000000000000000000000001
0000000000000000000000000000000000000001
0000000000000000000000000000000000000001
0000000000000000000000000000000000000001
0000000000000000000000000000000000000001
0000000000000000000000000000000000000001
0000000000000000000000000000000000000001
0000000000000000000000000000000000000001
0000000000000000000000000000000000000001
0000000000000000000000000000000000000001
0000000000000000000000000000000000000001
0000000000000000000000000000000000000001
0000000000000000000000000000000000000001
0000000000000000000000000000000000000001
0000000000000000000000000000000000000001
0000000000000000000000000000000000000001
0000000000000000000000000000000000000001
0000000000000000000000000000000000000001
0000000000000000000000000000000000000001
0000000000000000000000000000000000000001
0000000000000000000000000000000000000001
0000000000000000000000000000000000000001
0000000000000000000000000000000000000001
0000000000000000000000000000000000000001
0000000000000000000000000000000000000001
0000000000000000000000000000000000000001
0000000000000000000000000000000000000001
0000000000000000000000000000000000000001
0000000000000000000000000000000000000001
0000000000000000000000000000000000000001
0000000000000000000000000000000000000001
0000000000000000000000000000000000000001
0000000000000000000000000000000000000001
0000000000000000000000000000000000000001
0000000000000000000000000000000000000001
0000000000000000000000000000000000000001
0000000000000000000000000000000000000001
0000000000000000000000000000000000000001
0000000000000000000000000000000000000001
0000000000000000000000000000000000000001
0000000000000000000000000000000000000001
0000000000000000000000000000000000000001
0000000000000000000000000000000000000001
0000000000000000000000000000000000000001
0000000000000000000000000000000000000001
0000000000000000000000000000000000000001
0000000000000000000000000000000000000001
0000000000000000000000000000000000000001
0000000000000000000000000000000000000001
0000000000000000000000000000000000000001
0000000000000000000000000000000000000001
0000000000000000000000000000000000000001
0000000000000000000000000000000000000001
0000000000000000000000000000000000000001
0000000000000000000000000000000000000001
0000000000000000000000000000000000000001
0000000000000000000000000000000000000001
0000000000000000000000000000000000000001
0000000000000000000000000000000000000001
0000000000000000000000000000000000000001
0000000000000000000000000000000000000001
