0000000000000000000000000000000000000001
0000000000000000000000001110100000000001
1111111111110010000000000010000000000001
0000000000001000000000001110001000000001
0000000000101001000111110010000000000001
0000000000011001000010000010001000000001
0000000000000010000000101010000000000001
1111111111100001000110000010001000000001
0000000000000010000000011010000000000001
0000000000100000000000001110101000000001
0000000000110000000000001111001000000001
0000000000100000000000001100000000000001
0000000000000000000000000000000000000001
1111111111110000000000010010000100000001
0000000000000000000000001010000100000001
1111111111100001000010000010001001000001
0000000000111000000000001110001000000001
0000000000110000000000001100000000000001
0000000000111111111111110010000000000001
1111111111100001000010000010001000000001
0000000001000000000000001110001000000001
0000000001000010000000110010000000000001
0000000000010000000000001110001000000001
1111111111110010000001000010000000000001
0000000001010000000000001110001000000001
1111111111110010000001010010000000000001
0000000001011000000000001110001000000001
1111111111110010000001100010000000000001
0000000001100000000000001110001000000001
1111111111110010000001110010000000000001
0000000001101000000000001110001000000001
1111111111110010000010000010000000000001
0000000001110000000000001110001000000001
1111111111110010000010010010000000000001
0000000001111000000000001110001000000001
1111111111110010000010100010000000000001
0000000010000000000000001110001000000001
1111111111110010000010110010000000000001
0000000010001000000000001110001000000001
1111111111110110000010110010000000000001
0000000100010000000000001110001000000001
1111111111110110000000000010000000000001
0000000010010000000000001110001000000001
1111111111110010000011000010000000000001
0000000010011000000000001110001000000001
1111111111110110000000010010000000000001
0000000010100000000000001110001000000001
1111111111110110000010100010000000000001
0000000010101000000000001110001000000001
1111111111110110000100010010000000000001
0000000010110000000000001110001000000001
0000000011010001000111110010000000000001
0000000011000001000010000010001000000001
0000000000000010000011101010000000000001
1111111111100001000110000010001000000001
0000000000000010000011011010000000000001
0000000011001000000000001110101000000001
0000000011011000000000001111001000000001
0000000011001000000000001100000000000001
0000000000000000000000000000000000000001
0000000000000000000000011010000100000001
1111111111100001000010000010000000000001
0000000000000000000000001010000100000001
1111111111100001000010000010001001000001
0000000011100000000000001110001000000001
0000000011011000000000001100000000000001
0000000011100111111111110010000000000001
1111111111100001000010000010001000001001
1111111111110001000010000010000000000001
1111111111110001000010000010000001100111
0000000001000000000000001110001000000001
0000000001000010000011110010000000000001
0000000010111000000000001110001000000001
1111111111110010000100000010000000000001
0000000011101000000000001110001000000001
0000000001011001000010000010000000001001
0000000011111001000010000010000000000001
1111111111111001000010000010001000100110
0000000100000000000000001110001000000001
0000000100000001000010000010000000000001
0000000001100001000010000100000000001001
1111111111110001000010000010000000000001
1111111111101001000010000010000000100011
0000000011110000000000001110001000000001
0000000001011001000010000010000000001001
1111111111101001000010000010000000000001
0000000011110000000000001110001000100111
0000000000000000000000000000000000000001
0000000100000000000000001110001000100111
0000000000000000000000000000000000000001
0000000001010001000010000010000000000001
1111111101110000000000000000001000000001
0000000100010001000010000010000000000001
0000000100001001000010000100000000001001
1111111111101001000010000010000000000001
1111111111110001000111110010000000100011
1111111111101001000010000010001000001001
0000000010010001000010000100000000000001
1111111111110001000111110100010000000001
0000000010010001000010000100000000100110
1111111111110010000100010010000000001001
0000000000000000000000000000000000000001
1111111111101001000010000100000000100011
0000000100011000000000001110010000000001
0000000000000000000000000000000000000001
0000000100100000000000001110010000000001
0000000010111010000100100010000000000001
0000000100101000000000001110001000000001
0000000000000000000000000000000000000001
0000000000000010000100110010000000000001
0000001000111000000000001110001000000001
0000000000000000000000000000000000000001
0000000101001001000010000010000000000001
0000000000000000000000000000000000000001
0000000101011000000000001111000000000001
0000000010101001000010000010000000001001
1111111111110001000010000010000000000001
1111111111101001000010000010000000100110
0000000101010000000000001110001000000001
1111111111101001000010000100000000000001
0000000101101000000000001110010000100101
0000000000000000000000000000000000000001
0000000101111000000000001110010000000001
0000000101100001000010000100000000100111
1111111111110001000111110100010000100111
0000000101101000000000001110010000100111
0000000101011001000010000011000001001001
1111111111101001000010000010000000000001
1111111111110001000010000010000000100101
0000000110000000000000001110001000000001
0000000101101001000010000100000000000001
1111111111110010000101000010000000001001
1111111111110001000111110010000000000001
0000000101110001000010000010001000000001
0000000101111000000000001110001000100011
0000000000000000000000000000000000000001
0000000101111001000010000010000000000001
1111111111110001000111110100000000001001
1111111111110001000010000010000000000001
1111111111101001000010000010000000100100
0000000111100000000000001110001000000001
0000000110000000000000001100000000000001
0000000000000111111111111010000000000001
0000000111001000000000001110110000000001
0000000101111001000010000100000000000001
1111111111110010000101010010000000001001
1111111111101001000010000010000000000001
0000000101111000000000001110001000100011
0000000110001001000010000010000000000001
0000000000000000000000000000000000000001
0000000110011000000000001111000000000001
0000000010110001000010000010000000001001
1111111111110001000010000010000000000001
1111111111101001000010000010000000100110
0000000110010000000000001110001000000001
1111111111101001000010000100000000000001
0000000110101000000000001110010000100101
0000000000000000000000000000000000000001
0000000110111000000000001110010000000001
0000000110100001000010000100000000100111
1111111111110001000111110100010000100111
0000000110101000000000001110010000100111
0000000110011001000010000011000001001001
1111111111101001000010000010000000000001
1111111111110001000010000010000000100101
0000000111000000000000001110001000000001
0000000110101001000010000100000000000001
1111111111110010000101000010000000001001
1111111111110001000111110010000000000001
0000000110110001000010000010001000000001
0000000110111000000000001110001000100011
0000000000000000000000000000000000000001
0000000110111001000010000010000000000001
1111111111110001000111110100000000001001
1111111111110001000010000010000000000001
1111111111101001000010000010000000100100
0000000111100000000000001110001000000001
0000000111000000000000001100000000000001
0000000000000111111111111010000000000001
0000000111010000000000001110110000000001
0000000110111001000010000100000000000001
1111111111110010000101010010000000001001
1111111111101001000010000010000000000001
0000000110111000000000001110001000100011
0000000111001001000010000010000000000001
0000000111010001000010000010001001000001
0000000111111000000000001110001000000001
0000000000000000000000000000000000000001
0000000111110000000000001111000000000001
0000000111101001000010000011000001001001
0000000010100001000010000010000000000001
0000000111111001000111110010001000100101
0000001000000000000000001110001000000001
0000001000000001000010000010000000001001
1111111111101001000010000010000000100111
1111111111110010000101110100000000001001
1111111111110010000101110010000000100010
0000001000000000000000001110001000000001
0000000000000000000000000000000000000001
0000000100110000000000001110001000000001
0000001000000000000000001100000000000001
0000000000000000000000000000000000000001
1111111111110010000110000010000100000001
0000000111011000000000001110001000000001
0000000111011001000010000010000000000001
0000001000001001000010000010001001000001
0000001000101000000000001110001000000001
0000001000011001000010000010000000000001
0000001000001001000010000011010000000001
0000001000101010000101100010001000000001
0000001000010000000000001110001000000001
0000001000010000000000001100000000000001
0000001000100000000000001111001000000001
0000000000010111111111110010000000000001
0000000100111000000000001110001000000001
0000000100101111111111110010000000000001
0000000101000000000000001110001000000001
0000001001000010010000010010000000000001
0000001010101010010000010011010000000001
0000001000110001000010000010001001000001
0000001000111001000010000010001000000001
0000001010110000000000001110001000000001
0000000000000000000000000000000000000001
0000001001001000000000001111001000000001
0000000000000000000000000000000000000001
0000000011110001000010000010000000000001
0000001001011000000000001110001000000001
0000000100100001000010000010000000000001
1111111010000000000000000000001000000001
0000000100011000000000001100000000000001
0000000000000111111111111010000000000001
1111111111101001000010000010000000000001
0000001010000000000000001110001000000001
1111111111101001000010000010000000000001
0000001010001000000000001110001000000001
1111111111101001000010000010000000000001
0000001010010000000000001110001000000001
1111111111101001000010000010000000000001
0000001010011000000000001110001000000001
0000000010011001000010000010000000000001
0000001010000000000000001110001010000001
0000000000000000000000000000000000000001
0000001010000001000010000010000000000001
0000001001100000000000001110001000000001
0000001010001001000010000010000000000001
0000001001101000000000001110001000000001
0000001010010001000010000010000000000001
0000001001110000000000001110001000000001
0000001010011001000010000010000000000001
0000001001111000000000001110001000000001
0000000101000001000010000010000000000001
1111111110000000000000000000001000000001
0000000100111001000010000010000000000001
1111111101111000000000000000001000000001
0000001011011010010001010010000000000001
0000001011010010010001100010001000000001
0000001011000010010001010011010000000001
0000001010111010010001100010001000000001
0000001010110010010000100010001000000001
0000001010101010010000110010001000000001
0000001010100010010001000010001000000001
0000000000000000000000000000000000000001
0000001011001000000000001110001000000001
0000001011100000000000001111001000000001
0000001010110001000010000010000000000001
0000001011101000000000001110001000000001
0000001011101000000000001100000000000001
0000001010110111111111110010000000000001
0000001100110000000000001110001000000001
0000001001101001000010000010000000000001
1111111100010000000000000000001000000001
0000001001110001000010000010000000000001
1111111011001000000000000000001000000001
0000001001100001000010000010000000000001
1111111100011000000000000000001000000001
0000000100110001000010000010000000000001
1111111010001000000000000000001000000001
0000001001111001000010000010000000000001
1111111100000000000000000000001000000001
0000000100110010010001110010000000000001
0000001011110000000000001110001000000001
0000000000000000000000000000000000000001
0000001100011010010010110010000000000001
0000001100010010010011000010001000000001
0000001100000010010010110011010000000001
0000001011111010010011000010001000000001
0000001011001010010010000010001000000001
0000001011000010010010010010001000000001
0000001010111010010010100010001000000001
0000000000000000000000000000000000000001
0000001100001000000000001110001000000001
0000001100100000000000001111001000000001
0000001101001010010011110010000000000001
0000001100111010010011110011010000000001
0000001100110010010011010010001000000001
0000001100101010010011100010001000000001
0000000000000000000000000000000000000001
0000001101000000000000001110001000000001
0000001101010000000000001111001000000001
0000001011110010010100000010000000000001
0000001101011000000000001110001000000001
0000000000000000000000000000000000000001
0000001101000001000011000010000000000001
1111111111110001000011000100000000001001
1111111111110001000001100110000000000001
0000001101000001000010000010000000100011
1111111111110001000010000110000000100011
0000000000000000000000000000000000000001
1111111111101001000010000011000000000001
0000001101110000000000001110011000000001
1111111111110001000010010110000000000001
0000001101101000000000001110011000000001
1111111111110001000010100100000000001001
1111111111110001000010100110011000000001
1111111111110001000010010110011001100011
0000001101101001000010010100010000000001
0000001101101001000010000100010001100011
1111111111110001000011000100010000001001
0000001101101000000000001110011000000001
1111111111110001000010110110011000000001
1111111111110001000010100110011001100011
0000001101101001000010100100010000000001
0000001101101001000010010100010001100011
1111111111110001000011100100010000001001
0000001101101000000000001110011000000001
1111111111110001000011000110011000000001
1111111111110001000010110110011001100011
0000001101101001000010110100010000000001
0000001101101001000010100100010001100011
1111111111110001000100000100010000001001
0000001101101000000000001110011000000001
1111111111110001000011010110011000000001
1111111111110001000011000110011001100011
0000001101101001000011000100010000000001
0000001101101001000010110100010001100011
1111111111110001000100100100010000001001
0000001101101000000000001110011000000001
1111111111110001000011100110011000000001
1111111111110001000011010110011001100011
0000001101101001000011010100010000000001
0000001101101001000011000100010001100011
1111111111110001000101000100010000001001
0000001101101000000000001110011000000001
1111111111110001000011110110011000000001
1111111111110001000011100110011001100011
0000001101101001000011100100010000000001
0000001101101001000011010100010001100011
1111111111110001000101100100010000001001
0000001101101000000000001110011000000001
1111111111110001000100000110011000000001
1111111111110001000011110110011001100011
0000001101101001000011110100010000000001
0000001101101001000011100100010001100011
1111111111110001000110000100010000001001
0000001101101000000000001110011000000001
1111111111110001000100010110011000000001
1111111111110001000100000110011001100011
0000001101101001000100000100010000000001
0000001101101001000011110100010001100011
1111111111110001000110100100010000001001
0000001101101000000000001110011000000001
1111111111110001000100100110011000000001
1111111111110001000100010110011001100011
0000001101101001000100010100010000000001
0000001101101001000100000100010001100011
1111111111110001000111000100010000001001
0000001101101000000000001110011000000001
1111111111110001000100110110011000000001
1111111111110001000100100110011001100011
0000001101101001000100100100010000000001
0000001101101001000100010100010001100011
1111111111110001000111100100010000001001
0000001101101000000000001110011000000001
1111111111110001000101000110011000000001
1111111111110001000100110110011001100011
0000001101101001000100110100010000000001
0000001101101001000100100100010001100011
1111111111111001000010010100010000001001
1111111111110001000101010110011000000001
1111111111110001000101000110011001100011
0000001101101000000000001110011000000001
0000001101101000000000001100000000000001
0000001101110111111111110110000000000001
0000001101100000000000001110011000000001
0000001101011010010100010010000000000001
0000001101111000000000001110001000000001
0000000000000000000000000000000000000001
0000001100001001000010000010000000000001
0000001011101000000000001110001000000001
0000001011101000000000001100000000000001
0000001100001111111111110010000000000001
0000001111001000000000001110001000000001
1111111111110001000010000010000000000001
0000001101100001000010000100000000001001
0000001101100001000010000100000000000001
0000001101100001000011000100000000100011
0000001110110000000000001110010000000001
1111111111101001000010000100000000000001
1111111111110001000001100100000000100011
0000001110101000000000001110010000000001
1111111111110001000010000100000000000001
0000001110110001000010000010000000001001
0000001110001000000000001110001000000001
0000001110001001000001110010000000100011
1111111111101001000010000010001000001001
0000001110001000000000001110001000000001
0000001110001001000001110010000000100011
1111111111101001000010000010001000001001
0000001110001000000000001110001000000001
0000001110001001000001110010000000100011
1111111111101001000010000010001000001001
0000001110001000000000001110001000000001
0000001110001001000001110010000000100011
1111111111101001000010000010001000001001
0000001110001000000000001110001000000001
0000001110001001000001110010000000100011
1111111111101001000010000010001000001001
0000001110001000000000001110001000000001
0000001110001001000001110010000000100011
1111111111101001000010000010001000001001
0000001110001000000000001110001000000001
0000001110001001000001110010000000100011
1111111111101001000010000010001000001001
0000001110001000000000001110001000000001
0000001110001001000001110010000000100011
1111111111101001000010000010001000001001
0000001110001000000000001110001000000001
0000001110001001000001110010000000100011
1111111111101001000010000010001000001001
0000001110001000000000001110001000000001
0000001110001001000001110010000000100011
1111111111101001000010000010001000001001
0000001110001000000000001110001000000001
0000001110001001000001110010000000100011
1111111111101001000010000010001000001001
0000001110001000000000001110001000000001
0000001110001001000001110010000000100011
1111111111101001000010000010001000001001
0000001110001000000000001110001000000001
0000001110001001000001110010000000100011
1111111111101001000010000010001000001001
0000001110001000000000001110001000000001
0000001110001001000001110010000000100011
1111111111101001000010000010001000001001
0000001110001000000000001110001000000001
0000001110001001000001110010000000100011
1111111111101001000010000010001000001001
0000001110001000000000001110001000000001
0000001110001001000001110010000000100011
1111111111101001000010000010001000001001
0000001110011000000000001110001000000001
1111111111110001000010010010000000000001
0000001110010000000000001110001000000001
0000001110110001000010001000000000000001
0000000000000000000000000000000000000001
0000001110001000000000001111011000000001
0000001110001001000001000010000000000001
1111111111110010010100100010001001000001
0000001110001000000000001110001000000001
0000001110001001000001110010000000000001
0000000000000010010100111010000000000001
0000001110001000000000001110101000000001
0000001110001001000010000010001001000001
0000001110100000000000001110001000000001
1111111111110001000001110010000000000001
0000001110011001000010000010001001001001
0000001110011001000010010100000000000001
0000001110011000000000001110010000100111
0000000000000000000000000000000000000001
1111111111110001000001110010000000000001
0000001110011000000000001100000000000001
0000001110011111111111110100000000001001
0000001110011000000000001110010000000001
0000001110011001000010010100000000100011
0000001110011000000000001110010000100011
0000001110100001000010000100000000100011
0000001110010001000010000100010000100011
0000001110100000000000001110010000100011
0000001110010001000010010100000000000001
0000001110010000000000001110010000000001
0000001110011000000000001100000000000001
0000001110011111111111110100000000001001
0000001110011000000000001110010000000001
0000001110011001000010010100000000100011
0000001110011000000000001110010000100011
0000001110100001000010000100000000100011
0000001110010001000010000100010000100011
0000001110100000000000001110010000100011
0000001110010001000010010100000000000001
0000001110010000000000001110010000000001
0000001110011000000000001100000000000001
0000001110011111111111110100000000001001
0000001110011000000000001110010000000001
0000001110011001000010010100000000100011
0000001110011000000000001110010000100011
0000001110100001000010000100000000100011
0000001110010001000010000100010000100011
0000001110100000000000001110010000100011
0000001110010001000010010100000000000001
0000001110010000000000001110010000000001
0000001110011000000000001100000000000001
0000001110011111111111110100000000001001
0000001110011000000000001110010000000001
0000001110011001000010010100000000100011
0000001110011000000000001110010000100011
0000001110100001000010000100000000100011
0000001110010001000010000100010000100011
0000001110100000000000001110010000100011
0000001110010001000010010100000000000001
0000001110010000000000001110010000000001
0000001110011000000000001100000000000001
0000001110011111111111110100000000001001
0000001110011000000000001110010000000001
0000001110011001000010010100000000100011
0000001110011000000000001110010000100011
0000001110100001000010000100000000100011
0000001110010001000010000100010000100011
0000001110100000000000001110010000100011
0000001110010001000010010100000000000001
0000001110010000000000001110010000000001
0000001110011000000000001100000000000001
0000001110011111111111110100000000001001
0000001110011000000000001110010000000001
0000001110011001000010010100000000100011
0000001110011000000000001110010000100011
0000001110100001000010000100000000100011
0000001110010001000010000100010000100011
0000001110100000000000001110010000100011
0000001110010001000010010100000000000001
0000001110010000000000001110010000000001
0000001110011000000000001100000000000001
0000001110011111111111110100000000001001
0000001110011000000000001110010000000001
0000001110011001000010010100000000100011
0000001110011000000000001110010000100011
0000001110100001000010000100000000100011
0000001110010001000010000100010000100011
0000001110100000000000001110010000100011
0000001110010001000010010100000000000001
0000001110010000000000001110010000000001
0000001110011000000000001100000000000001
0000001110011111111111110100000000001001
0000001110011000000000001110010000000001
0000001110011001000010010100000000100011
0000001110011000000000001110010000100011
0000001110100001000010000100000000100011
0000001110010001000010000100010000100011
0000001110100000000000001110010000100011
0000001110010001000010010100000000000001
0000001110010000000000001110010000000001
0000001110011000000000001100000000000001
0000001110011111111111110100000000001001
0000001110011000000000001110010000000001
0000001110011001000010010100000000100011
0000001110011000000000001110010000100011
0000001110100001000010000100000000100011
0000001110010001000010000100010000100011
0000001110100000000000001110010000100011
0000001110010001000010010100000000000001
0000001110010000000000001110010000000001
0000001110011000000000001100000000000001
0000001110011111111111110100000000001001
0000001110011000000000001110010000000001
0000001110011001000010010100000000100011
0000001110011000000000001110010000100011
0000001110100001000010000100000000100011
0000001110010001000010000100010000100011
0000001110100000000000001110010000100011
0000001110010001000010010100000000000001
0000001110010000000000001110010000000001
0000001110100001000010000100000000000001
0000001110101001000010000010010000000001
0000001110000000000000001110001000000001
0000001101111010010101000010000000000001
0000001110111000000000001110001000000001
0000000000000000000000000000000000000001
0000001111100010010101110010000000000001
0000001111010010010101110011010000000001
0000001111001010010101010010001000000001
0000001111000010010101100010001000000001
0000000000000000000000000000000000000001
0000001111011000000000001110001000000001
0000001111101000000000001111001000000001
0000001110111010010110000010000000000001
0000001111110000000000001110001000000001
0000000000000000000000000000000000000001
0000001111110001000010000010000000000001
0000000011101001000010000010001000000001
0000000000000000000000000000000000000001
0000001111111000000000001110001000000001
0000001111011001000011000010000000000001
1111111111110001000011000100000000001001
1111111111110001000001100110000000000001
0000001111011001000010000010000000100011
1111111111110001000010000110000000100011
0000000000000000000000000000000000000001
1111111111101001000010000011000000000001
0000010000001000000000001110011000000001
1111111111110001000010010110000000000001
0000001101101000000000001110011000000001
1111111111110001000010100100000000001001
1111111111110001000010100110011000000001
1111111111110001000010010110011001100011
0000001101101001000010010100010000000001
0000001101101001000010000100010001100011
1111111111110001000011000100010000001001
0000001101101000000000001110011000000001
1111111111110001000010110110011000000001
1111111111110001000010100110011001100011
0000001101101001000010100100010000000001
0000001101101001000010010100010001100011
1111111111110001000011100100010000001001
0000001101101000000000001110011000000001
1111111111110001000011000110011000000001
1111111111110001000010110110011001100011
0000001101101001000010110100010000000001
0000001101101001000010100100010001100011
1111111111110001000100000100010000001001
0000001101101000000000001110011000000001
1111111111110001000011010110011000000001
1111111111110001000011000110011001100011
0000001101101001000011000100010000000001
0000001101101001000010110100010001100011
1111111111110001000100100100010000001001
0000001101101000000000001110011000000001
1111111111110001000011100110011000000001
1111111111110001000011010110011001100011
0000001101101001000011010100010000000001
0000001101101001000011000100010001100011
1111111111110001000101000100010000001001
0000001101101000000000001110011000000001
1111111111110001000011110110011000000001
1111111111110001000011100110011001100011
0000001101101001000011100100010000000001
0000001101101001000011010100010001100011
1111111111110001000101100100010000001001
0000001101101000000000001110011000000001
1111111111110001000100000110011000000001
1111111111110001000011110110011001100011
0000001101101001000011110100010000000001
0000001101101001000011100100010001100011
1111111111110001000110000100010000001001
0000001101101000000000001110011000000001
1111111111110001000100010110011000000001
1111111111110001000100000110011001100011
0000001101101001000100000100010000000001
0000001101101001000011110100010001100011
1111111111110001000110100100010000001001
0000001101101000000000001110011000000001
1111111111110001000100100110011000000001
1111111111110001000100010110011001100011
0000001101101001000100010100010000000001
0000001101101001000100000100010001100011
1111111111110001000111000100010000001001
0000001101101000000000001110011000000001
1111111111110001000100110110011000000001
1111111111110001000100100110011001100011
0000001101101001000100100100010000000001
0000001101101001000100010100010001100011
1111111111110001000111100100010000001001
0000001101101000000000001110011000000001
1111111111110001000101000110011000000001
1111111111110001000100110110011001100011
0000001101101001000100110100010000000001
0000001101101001000100100100010001100011
1111111111111001000010010100010000001001
1111111111110001000101010110011000000001
1111111111110001000101000110011001100011
0000001101101000000000001110011000000001
0000001101101000000000001100000000000001
0000010000001111111111110110000000000001
0000010000000000000000001110011000000001
0000000000000000000000000000000000000001
0000001110000001000010000010000000000001
0000010000010000000000001110001000000001
0000010000010010010110010010000000000001
0000010000011000000000001110001000000001
0000000000000000000000000000000000000001
1111111111110001000010000010000000000001
0000010000000001000010000100000000001001
0000010000000001000010000100000000000001
0000010000000001000011000100000000100011
0000010001010000000000001110010000000001
1111111111101001000010000100000000000001
1111111111110001000001100100000000100011
0000010001001000000000001110010000000001
1111111111110001000010000100000000000001
0000010001010001000010000010000000001001
0000010000101000000000001110001000000001
0000010000101001000001110010000000100011
1111111111101001000010000010001000001001
0000010000101000000000001110001000000001
0000010000101001000001110010000000100011
1111111111101001000010000010001000001001
0000010000101000000000001110001000000001
0000010000101001000001110010000000100011
1111111111101001000010000010001000001001
0000010000101000000000001110001000000001
0000010000101001000001110010000000100011
1111111111101001000010000010001000001001
0000010000101000000000001110001000000001
0000010000101001000001110010000000100011
1111111111101001000010000010001000001001
0000010000101000000000001110001000000001
0000010000101001000001110010000000100011
1111111111101001000010000010001000001001
0000010000101000000000001110001000000001
0000010000101001000001110010000000100011
1111111111101001000010000010001000001001
0000010000101000000000001110001000000001
0000010000101001000001110010000000100011
1111111111101001000010000010001000001001
0000010000101000000000001110001000000001
0000010000101001000001110010000000100011
1111111111101001000010000010001000001001
0000010000101000000000001110001000000001
0000010000101001000001110010000000100011
1111111111101001000010000010001000001001
0000010000101000000000001110001000000001
0000010000101001000001110010000000100011
1111111111101001000010000010001000001001
0000010000101000000000001110001000000001
0000010000101001000001110010000000100011
1111111111101001000010000010001000001001
0000010000101000000000001110001000000001
0000010000101001000001110010000000100011
1111111111101001000010000010001000001001
0000010000101000000000001110001000000001
0000010000101001000001110010000000100011
1111111111101001000010000010001000001001
0000010000101000000000001110001000000001
0000010000101001000001110010000000100011
1111111111101001000010000010001000001001
0000010000101000000000001110001000000001
0000010000101001000001110010000000100011
1111111111101001000010000010001000001001
0000010000111000000000001110001000000001
1111111111110001000010010010000000000001
0000010000110000000000001110001000000001
0000010001010001000010001000000000000001
0000000000000000000000000000000000000001
0000010000101000000000001111011000000001
0000010000101001000001000010000000000001
1111111111110010010110100010001001000001
0000010000101000000000001110001000000001
0000010000101001000001110010000000000001
0000000000000010010110111010000000000001
0000010000101000000000001110101000000001
0000010000101001000010000010001001000001
0000010001000000000000001110001000000001
1111111111110001000001110010000000000001
0000010000111001000010000010001001001001
0000010000111001000010010100000000000001
0000010000111000000000001110010000100111
0000000000000000000000000000000000000001
1111111111110001000001110010000000000001
0000010000111000000000001100000000000001
0000010000111111111111110100000000001001
0000010000111000000000001110010000000001
0000010000111001000010010100000000100011
0000010000111000000000001110010000100011
0000010001000001000010000100000000100011
0000010000110001000010000100010000100011
0000010001000000000000001110010000100011
0000010000110001000010010100000000000001
0000010000110000000000001110010000000001
0000010000111000000000001100000000000001
0000010000111111111111110100000000001001
0000010000111000000000001110010000000001
0000010000111001000010010100000000100011
0000010000111000000000001110010000100011
0000010001000001000010000100000000100011
0000010000110001000010000100010000100011
0000010001000000000000001110010000100011
0000010000110001000010010100000000000001
0000010000110000000000001110010000000001
0000010000111000000000001100000000000001
0000010000111111111111110100000000001001
0000010000111000000000001110010000000001
0000010000111001000010010100000000100011
0000010000111000000000001110010000100011
0000010001000001000010000100000000100011
0000010000110001000010000100010000100011
0000010001000000000000001110010000100011
0000010000110001000010010100000000000001
0000010000110000000000001110010000000001
0000010000111000000000001100000000000001
0000010000111111111111110100000000001001
0000010000111000000000001110010000000001
0000010000111001000010010100000000100011
0000010000111000000000001110010000100011
0000010001000001000010000100000000100011
0000010000110001000010000100010000100011
0000010001000000000000001110010000100011
0000010000110001000010010100000000000001
0000010000110000000000001110010000000001
0000010000111000000000001100000000000001
0000010000111111111111110100000000001001
0000010000111000000000001110010000000001
0000010000111001000010010100000000100011
0000010000111000000000001110010000100011
0000010001000001000010000100000000100011
0000010000110001000010000100010000100011
0000010001000000000000001110010000100011
0000010000110001000010010100000000000001
0000010000110000000000001110010000000001
0000010000111000000000001100000000000001
0000010000111111111111110100000000001001
0000010000111000000000001110010000000001
0000010000111001000010010100000000100011
0000010000111000000000001110010000100011
0000010001000001000010000100000000100011
0000010000110001000010000100010000100011
0000010001000000000000001110010000100011
0000010000110001000010010100000000000001
0000010000110000000000001110010000000001
0000010000111000000000001100000000000001
0000010000111111111111110100000000001001
0000010000111000000000001110010000000001
0000010000111001000010010100000000100011
0000010000111000000000001110010000100011
0000010001000001000010000100000000100011
0000010000110001000010000100010000100011
0000010001000000000000001110010000100011
0000010000110001000010010100000000000001
0000010000110000000000001110010000000001
0000010000111000000000001100000000000001
0000010000111111111111110100000000001001
0000010000111000000000001110010000000001
0000010000111001000010010100000000100011
0000010000111000000000001110010000100011
0000010001000001000010000100000000100011
0000010000110001000010000100010000100011
0000010001000000000000001110010000100011
0000010000110001000010010100000000000001
0000010000110000000000001110010000000001
0000010000111000000000001100000000000001
0000010000111111111111110100000000001001
0000010000111000000000001110010000000001
0000010000111001000010010100000000100011
0000010000111000000000001110010000100011
0000010001000001000010000100000000100011
0000010000110001000010000100010000100011
0000010001000000000000001110010000100011
0000010000110001000010010100000000000001
0000010000110000000000001110010000000001
0000010000111000000000001100000000000001
0000010000111111111111110100000000001001
0000010000111000000000001110010000000001
0000010000111001000010010100000000100011
0000010000111000000000001110010000100011
0000010001000001000010000100000000100011
0000010000110001000010000100010000100011
0000010001000000000000001110010000100011
0000010000110001000010010100000000000001
0000010000110000000000001110010000000001
0000010001000001000010000100000000000001
0000010001001001000010000010010000000001
0000010000100000000000001110001000000001
0000010000011001000010000010000000000001
0000000001111001000010000010001000000001
0000000000000000000000000000000000000001
0000010001011000000000001110001000000001
0000001110000001000010000010000000000001
0000010000100001000010000010001001000001
0000010001100000000000001110001000000001
0000000000000000000000000000000000000001
0000010000100001000010000010000000000001
0000010001101000000000001110001000000001
0000010001011001000010000010000000000001
0000000010000001000010000010001000000001
0000000000000000000000000000000000000001
0000010001110000000000001110001000000001
0000000000000000000000000000000000000001
0000010001011001000010000010000000000001
0000010001111000000000001110001000000001
0000010001100010010111000010000000000001
0000010010000000000000001110001000000001
0000000000000000000000000000000000000001
0000010001110010010111010010000000000001
0000010010001000000000001110001000000001
0000000000000000000000000000000000000001
0000000000000000000000000000000000000001
0000010010000001000010000010000000000001
0000010010010000000000001110001000000001
0000000010001001000010000010000000000001
0000010010010001000010000010001001000001
0000010010011000000000001110001000000001
0000010010011010010111100010000000000001
0000010010100000000000001110001000000001
0000000000000000000000000000000000000001
0000010010100001000010000010000000000001
0000010010110000000000001110001000000001
0000010010001001000010000010000000000001
0000010010111000000000001110001000000001
0000001111111001000010000010000000000001
0000010011000000000000001110001000000001
0000010010010001000010000010000000000001
0000010011001000000000001110001000000001
0000000100011000000000001100000000000001
0000000000000111111111111010000000000001
0000000000000000000000000000000000000001
0000010010110001000010000010000010000001
0000010010101000000000001110001000000001
0000000000001001000010000010000000000001
0000010010101001000010000010001000000001
0000000000000000000000000000000000000001
0000010011010000000000001110001000000001
0000000001110001000010000100000000000001
0000001001011001000010000010000000001001
0000010011010001000010000010000000000001
0000000001101001000010000010000000100011
0000010011011000000000001110001000000001
0000000000000000000000000000000000000001
0000010011011001000010000010000000000001
1111111101101000000000000000001000000001
0000000000000000000000000000000000000001
0000000000000000000000000000000000000001
0000000000000000000000000000000000000001
0000000000000000000000000000000000000001
0000000000000000000000000000000000000001
0000000000000000000000000000000000000001
0000000000000000000000000000000000000001
0000000000000000000000000000000000000001
0000000000000000000000000000000000000001
0000000000000000000000000000000000000001
0000000000000000000000000000000000000001
0000000000000000000000000000000000000001
0000000000000000000000000000000000000001
0000000000000000000000000000000000000001
0000000000000000000000000000000000000001
0000000000000000000000000000000000000001
0000000000000000000000000000000000000001
0000000000000000000000000000000000000001
0000000000000000000000000000000000000001
0000000000000000000000000000000000000001
0000000000000000000000000000000000000001
0000000000000000000000000000000000000001
0000000000000000000000000000000000000001
0000000000000000000000000000000000000001
0000000000000000000000000000000000000001
0000000000000000000000000000000000000001
0000000000000000000000000000000000000001
0000000000000000000000000000000000000001
0000000000000000000000000000000000000001
0000000000000000000000000000000000000001
0000000000000000000000000000000000000001
0000000000000000000000000000000000000001
0000000000000000000000000000000000000001
0000000000000000000000000000000000000001
0000000000000000000000000000000000000001
0000000000000000000000000000000000000001
0000000000000000000000000000000000000001
0000000000000000000000000000000000000001
0000000000000000000000000000000000000001
0000000000000000000000000000000000000001
0000000000000000000000000000000000000001
0000000000000000000000000000000000000001
0000000000000000000000000000000000000001
0000000000000000000000000000000000000001
0000000000000000000000000000000000000001
0000000000000000000000000000000000000001
0000000000000000000000000000000000000001
0000000000000000000000000000000000000001
0000000000000000000000000000000000000001
0000000000000000000000000000000000000001
0000000000000000000000000000000000000001
0000000000000000000000000000000000000001
0000000000000000000000000000000000000001
0000000000000000000000000000000000000001
0000000000000000000000000000000000000001
0000000000000000000000000000000000000001
0000000000000000000000000000000000000001
0000000000000000000000000000000000000001
0000000000000000000000000000000000000001
0000000000000000000000000000000000000001
0000000000000000000000000000000000000001
0000000000000000000000000000000000000001
0000000000000000000000000000000000000001
0000000000000000000000000000000000000001
0000000000000000000000000000000000000001
0000000000000000000000000000000000000001
0000000000000000000000000000000000000001
0000000000000000000000000000000000000001
0000000000000000000000000000000000000001
0000000000000000000000000000000000000001
0000000000000000000000000000000000000001
0000000000000000000000000000000000000001
0000000000000000000000000000000000000001
0000000000000000000000000000000000000001
0000000000000000000000000000000000000001
0000000000000000000000000000000000000001
0000000000000000000000000000000000000001
0000000000000000000000000000000000000001
0000000000000000000000000000000000000001
0000000000000000000000000000000000000001
0000000000000000000000000000000000000001
0000000000000000000000000000000000000001
0000000000000000000000000000000000000001
0000000000000000000000000000000000000001
0000000000000000000000000000000000000001
0000000000000000000000000000000000000001
0000000000000000000000000000000000000001
0000000000000000000000000000000000000001
0000000000000000000000000000000000000001
0000000000000000000000000000000000000001
0000000000000000000000000000000000000001
0000000000000000000000000000000000000001
0000000000000000000000000000000000000001
0000000000000000000000000000000000000001
0000000000000000000000000000000000000001
0000000000000000000000000000000000000001
0000000000000000000000000000000000000001
0000000000000000000000000000000000000001
0000000000000000000000000000000000000001
0000000000000000000000000000000000000001
0000000000000000000000000000000000000001
0000000000000000000000000000000000000001
0000000000000000000000000000000000000001
0000000000000000000000000000000000000001
0000000000000000000000000000000000000001
0000000000000000000000000000000000000001
0000000000000000000000000000000000000001
0000000000000000000000000000000000000001
